mary           2.629  2.629      1
patricia       1.073  3.702      2
linda          1.035  4.736      3
barbara        0.980  5.716      4
elizabeth      0.937  6.653      5
jennifer       0.932  7.586      6
maria          0.828  8.414      7
susan          0.794  9.209      8
margaret       0.768  9.976      9
dorothy        0.727 10.703     10
lisa           0.704 11.407     11
nancy          0.669 12.075     12
karen          0.667 12.742     13
betty          0.666 13.408     14
helen          0.663 14.071     15
sandra         0.629 14.700     16
donna          0.583 15.282     17
carol          0.565 15.848     18
ruth           0.562 16.410     19
sharon         0.522 16.932     20
michelle       0.519 17.451     21
laura          0.510 17.961     22
sarah          0.508 18.469     23
kimberly       0.504 18.973     24
deborah        0.494 19.467     25
jessica        0.490 19.958     26
shirley        0.482 20.439     27
cynthia        0.469 20.908     28
angela         0.468 21.376     29
melissa        0.462 21.839     30
brenda         0.455 22.293     31
amy            0.451 22.745     32
anna           0.440 23.185     33
rebecca        0.430 23.615     34
virginia       0.430 24.044     35
kathleen       0.424 24.468     36
pamela         0.416 24.884     37
martha         0.412 25.297     38
debra          0.408 25.704     39
amanda         0.404 26.108     40
stephanie      0.400 26.508     41
carolyn        0.385 26.893     42
christine      0.382 27.275     43
marie          0.379 27.655     44
janet          0.379 28.034     45
catherine      0.373 28.408     46
frances        0.370 28.777     47
ann            0.364 29.141     48
joyce          0.364 29.505     49
diane          0.359 29.864     50
alice          0.357 30.221     51
julie          0.348 30.568     52
heather        0.337 30.905     53
teresa         0.336 31.241     54
doris          0.335 31.577     55
gloria         0.335 31.912     56
evelyn         0.322 32.233     57
jean           0.315 32.548     58
cheryl         0.315 32.863     59
mildred        0.313 33.176     60
katherine      0.313 33.489     61
joan           0.306 33.795     62
ashley         0.303 34.098     63
judith         0.297 34.395     64
rose           0.296 34.691     65
janice         0.285 34.975     66
kelly          0.283 35.258     67
nicole         0.281 35.539     68
judy           0.276 35.815     69
christina      0.275 36.090     70
kathy          0.272 36.362     71
theresa        0.271 36.633     72
beverly        0.267 36.900     73
denise         0.264 37.164     74
tammy          0.259 37.423     75
irene          0.252 37.675     76
jane           0.250 37.925     77
lori           0.248 38.173     78
rachel         0.242 38.415     79
marilyn        0.241 38.657     80
andrea         0.236 38.893     81
kathryn        0.234 39.127     82
louise         0.229 39.356     83
sara           0.229 39.584     84
anne           0.228 39.812     85
jacqueline     0.228 40.040     86
wanda          0.226 40.266     87
bonnie         0.223 40.489     88
julia          0.223 40.711     89
ruby           0.221 40.932     90
lois           0.220 41.153     91
tina           0.220 41.372     92
phyllis        0.219 41.591     93
norma          0.218 41.809     94
paula          0.217 42.026     95
diana          0.216 42.242     96
annie          0.216 42.458     97
lillian        0.211 42.669     98
emily          0.208 42.877     99
robin          0.208 43.085    100
peggy          0.208 43.293    101
crystal        0.207 43.500    102
gladys         0.205 43.705    103
rita           0.204 43.908    104
dawn           0.202 44.111    105
connie         0.200 44.311    106
florence       0.200 44.511    107
tracy          0.197 44.708    108
edna           0.197 44.904    109
tiffany        0.195 45.100    110
carmen         0.195 45.295    111
rosa           0.194 45.489    112
cindy          0.192 45.681    113
grace          0.189 45.869    114
wendy          0.185 46.055    115
victoria       0.180 46.235    116
edith          0.179 46.414    117
kim            0.178 46.592    118
sherry         0.178 46.770    119
sylvia         0.177 46.947    120
josephine      0.177 47.123    121
thelma         0.175 47.298    122
shannon        0.175 47.473    123
sheila         0.175 47.648    124
ethel          0.174 47.822    125
ellen          0.173 47.995    126
elaine         0.173 48.168    127
marjorie       0.173 48.341    128
carrie         0.171 48.512    129
charlotte      0.169 48.680    130
monica         0.166 48.847    131
esther         0.166 49.013    132
pauline        0.165 49.178    133
emma           0.165 49.342    134
juanita        0.164 49.506    135
anita          0.162 49.669    136
rhonda         0.162 49.830    137
hazel          0.161 49.991    138
amber          0.160 50.151    139
eva            0.159 50.310    140
debbie         0.157 50.467    141
april          0.154 50.621    142
leslie         0.154 50.775    143
clara          0.153 50.928    144
lucille        0.153 51.081    145
jamie          0.153 51.235    146
joanne         0.150 51.385    147
eleanor        0.150 51.535    148
valerie        0.149 51.684    149
danielle       0.149 51.833    150
megan          0.147 51.981    151
alicia         0.146 52.126    152
suzanne        0.145 52.272    153
michele        0.145 52.417    154
gail           0.145 52.562    155
bertha         0.143 52.704    156
darlene        0.142 52.847    157
veronica       0.142 52.989    158
jill           0.142 53.131    159
erin           0.141 53.272    160
geraldine      0.141 53.413    161
lauren         0.137 53.550    162
cathy          0.137 53.687    163
joann          0.136 53.823    164
lorraine       0.135 53.958    165
lynn           0.135 54.093    166
sally          0.135 54.228    167
regina         0.133 54.360    168
erica          0.130 54.490    169
beatrice       0.130 54.620    170
dolores        0.129 54.749    171
bernice        0.128 54.877    172
audrey         0.127 55.003    173
yvonne         0.126 55.129    174
annette        0.125 55.255    175
june           0.125 55.380    176
samantha       0.124 55.504    177
marion         0.122 55.626    178
dana           0.122 55.748    179
stacy          0.121 55.869    180
ana            0.120 55.989    181
renee          0.120 56.109    182
ida            0.118 56.227    183
vivian         0.118 56.346    184
roberta        0.117 56.463    185
holly          0.117 56.580    186
brittany       0.117 56.697    187
melanie        0.116 56.813    188
loretta        0.115 56.928    189
yolanda        0.115 57.043    190
jeanette       0.115 57.158    191
laurie         0.114 57.271    192
katie          0.113 57.385    193
kristen        0.111 57.496    194
vanessa        0.111 57.607    195
alma           0.111 57.718    196
sue            0.111 57.829    197
elsie          0.110 57.939    198
beth           0.110 58.049    199
jeanne         0.109 58.158    200
vicki          0.109 58.267    201
carla          0.107 58.374    202
tara           0.107 58.482    203
rosemary       0.107 58.589    204
eileen         0.105 58.694    205
terri          0.105 58.799    206
gertrude       0.103 58.902    207
lucy           0.103 59.005    208
tonya          0.102 59.107    209
ella           0.101 59.208    210
stacey         0.101 59.308    211
wilma          0.099 59.408    212
gina           0.099 59.506    213
kristin        0.099 59.605    214
jessie         0.098 59.703    215
natalie        0.098 59.801    216
agnes          0.098 59.899    217
vera           0.098 59.997    218
willie         0.097 60.094    219
charlene       0.097 60.191    220
bessie         0.096 60.287    221
delores        0.095 60.382    222
melinda        0.094 60.477    223
pearl          0.094 60.571    224
arlene         0.094 60.665    225
maureen        0.092 60.757    226
colleen        0.092 60.849    227
allison        0.092 60.941    228
tamara         0.092 61.033    229
joy            0.091 61.124    230
georgia        0.091 61.215    231
constance      0.091 61.305    232
lillie         0.090 61.396    233
claudia        0.090 61.485    234
jackie         0.090 61.575    235
marcia         0.090 61.665    236
tanya          0.089 61.754    237
nellie         0.089 61.843    238
minnie         0.089 61.931    239
marlene        0.088 62.020    240
heidi          0.088 62.108    241
glenda         0.088 62.195    242
lydia          0.086 62.281    243
viola          0.086 62.367    244
courtney       0.086 62.453    245
marian         0.086 62.539    246
stella         0.085 62.623    247
caroline       0.085 62.708    248
dora           0.084 62.792    249
jo             0.083 62.875    250
vickie         0.082 62.957    251
mattie         0.081 63.038    252
terry          0.080 63.118    253
maxine         0.079 63.198    254
irma           0.079 63.277    255
mabel          0.078 63.355    256
marsha         0.078 63.434    257
myrtle         0.078 63.511    258
lena           0.077 63.589    259
christy        0.077 63.665    260
deanna         0.076 63.742    261
patsy          0.076 63.818    262
hilda          0.075 63.893    263
gwendolyn      0.074 63.967    264
jennie         0.073 64.040    265
nora           0.073 64.113    266
margie         0.072 64.185    267
nina           0.072 64.257    268
cassandra      0.072 64.329    269
leah           0.072 64.401    270
penny          0.071 64.472    271
kay            0.071 64.543    272
priscilla      0.071 64.614    273
naomi          0.071 64.684    274
carole         0.071 64.755    275
brandy         0.070 64.825    276
olga           0.070 64.895    277
billie         0.069 64.964    278
dianne         0.069 65.033    279
tracey         0.069 65.102    280
leona          0.069 65.171    281
jenny          0.068 65.239    282
felicia        0.068 65.307    283
sonia          0.068 65.374    284
miriam         0.066 65.440    285
velma          0.066 65.506    286
becky          0.066 65.572    287
bobbie         0.065 65.637    288
violet         0.065 65.702    289
kristina       0.065 65.767    290
toni           0.064 65.831    291
misty          0.063 65.894    292
mae            0.063 65.957    293
shelly         0.062 66.019    294
daisy          0.062 66.081    295
ramona         0.062 66.143    296
sherri         0.062 66.205    297
erika          0.061 66.267    298
katrina        0.061 66.328    299
claire         0.061 66.388    300
lindsey        0.060 66.448    301
lindsay        0.060 66.507    302
geneva         0.059 66.567    303
guadalupe      0.059 66.626    304
belinda        0.059 66.685    305
margarita      0.059 66.743    306
sheryl         0.059 66.802    307
cora           0.058 66.860    308
faye           0.058 66.917    309
ada            0.057 66.975    310
natasha        0.057 67.032    311
sabrina        0.057 67.089    312
isabel         0.057 67.146    313
marguerite     0.056 67.202    314
hattie         0.056 67.257    315
harriet        0.056 67.313    316
molly          0.055 67.368    317
cecilia        0.055 67.424    318
kristi         0.055 67.479    319
brandi         0.055 67.534    320
blanche        0.055 67.589    321
sandy          0.055 67.644    322
rosie          0.055 67.699    323
joanna         0.055 67.754    324
iris           0.055 67.808    325
eunice         0.054 67.863    326
angie          0.054 67.917    327
inez           0.053 67.970    328
lynda          0.053 68.023    329
madeline       0.052 68.075    330
amelia         0.052 68.127    331
alberta        0.052 68.179    332
genevieve      0.051 68.230    333
monique        0.051 68.282    334
jodi           0.051 68.333    335
janie          0.051 68.385    336
maggie         0.051 68.436    337
kayla          0.051 68.487    338
sonya          0.051 68.538    339
jan            0.051 68.589    340
lee            0.051 68.641    341
kristine       0.051 68.691    342
candace        0.051 68.742    343
fannie         0.050 68.792    344
maryann        0.050 68.843    345
opal           0.050 68.893    346
alison         0.050 68.943    347
yvette         0.050 68.993    348
melody         0.050 69.043    349
luz            0.049 69.092    350
susie          0.049 69.142    351
olivia         0.049 69.191    352
flora          0.049 69.240    353
shelley        0.049 69.288    354
kristy         0.048 69.337    355
mamie          0.048 69.385    356
lula           0.048 69.433    357
lola           0.048 69.482    358
verna          0.048 69.530    359
beulah         0.048 69.577    360
antoinette     0.048 69.625    361
candice        0.046 69.671    362
juana          0.046 69.717    363
jeannette      0.046 69.763    364
pam            0.046 69.809    365
kelli          0.046 69.854    366
hannah         0.045 69.899    367
whitney        0.045 69.944    368
bridget        0.045 69.989    369
karla          0.044 70.034    370
celia          0.044 70.078    371
latoya         0.043 70.121    372
patty          0.043 70.165    373
shelia         0.043 70.208    374
gayle          0.043 70.251    375
della          0.043 70.294    376
vicky          0.043 70.336    377
lynne          0.043 70.379    378
sheri          0.042 70.421    379
marianne       0.042 70.463    380
kara           0.041 70.504    381
jacquelyn      0.041 70.544    382
erma           0.041 70.585    383
blanca         0.041 70.626    384
myra           0.040 70.666    385
leticia        0.040 70.706    386
pat            0.040 70.746    387
krista         0.040 70.786    388
roxanne        0.040 70.826    389
angelica       0.039 70.865    390
johnnie        0.039 70.905    391
robyn          0.039 70.944    392
francis        0.039 70.983    393
adrienne       0.039 71.022    394
rosalie        0.039 71.061    395
alexandra      0.039 71.100    396
brooke         0.039 71.139    397
bethany        0.039 71.177    398
sadie          0.039 71.216    399
bernadette     0.039 71.254    400
traci          0.038 71.293    401
jody           0.038 71.331    402
kendra         0.038 71.369    403
jasmine        0.038 71.407    404
nichole        0.038 71.445    405
rachael        0.038 71.483    406
chelsea        0.038 71.520    407
mable          0.038 71.558    408
ernestine      0.038 71.596    409
muriel         0.038 71.634    410
marcella       0.037 71.671    411
elena          0.037 71.708    412
krystal        0.037 71.745    413
angelina       0.037 71.781    414
nadine         0.036 71.818    415
kari           0.036 71.853    416
estelle        0.036 71.889    417
dianna         0.036 71.925    418
paulette       0.036 71.961    419
lora           0.036 71.996    420
mona           0.035 72.032    421
doreen         0.035 72.067    422
rosemarie      0.035 72.102    423
angel          0.035 72.137    424
desiree        0.035 72.172    425
antonia        0.035 72.207    426
hope           0.034 72.241    427
ginger         0.034 72.274    428
janis          0.034 72.308    429
betsy          0.034 72.342    430
christie       0.034 72.375    431
freda          0.034 72.409    432
mercedes       0.033 72.442    433
meredith       0.033 72.475    434
lynette        0.033 72.508    435
teri           0.033 72.541    436
cristina       0.033 72.573    437
eula           0.033 72.606    438
leigh          0.032 72.638    439
meghan         0.032 72.670    440
sophia         0.032 72.702    441
eloise         0.032 72.734    442
rochelle       0.032 72.766    443
gretchen       0.032 72.798    444
cecelia        0.032 72.829    445
raquel         0.031 72.860    446
henrietta      0.031 72.891    447
alyssa         0.031 72.922    448
jana           0.031 72.953    449
kelley         0.031 72.983    450
gwen           0.031 73.014    451
kerry          0.031 73.044    452
jenna          0.030 73.075    453
tricia         0.030 73.105    454
laverne        0.030 73.135    455
olive          0.030 73.165    456
alexis         0.030 73.195    457
tasha          0.030 73.225    458
silvia         0.029 73.254    459
elvira         0.029 73.284    460
casey          0.029 73.313    461
delia          0.029 73.342    462
sophie         0.029 73.372    463
kate           0.029 73.401    464
patti          0.029 73.430    465
lorena         0.029 73.459    466
kellie         0.029 73.488    467
sonja          0.029 73.517    468
lila           0.029 73.546    469
lana           0.029 73.575    470
darla          0.029 73.604    471
may            0.029 73.633    472
mindy          0.029 73.661    473
essie          0.029 73.690    474
mandy          0.029 73.719    475
lorene         0.028 73.747    476
elsa           0.028 73.775    477
josefina       0.028 73.804    478
jeannie        0.028 73.832    479
miranda        0.028 73.860    480
dixie          0.028 73.888    481
lucia          0.028 73.916    482
marta          0.028 73.944    483
faith          0.028 73.972    484
lela           0.028 73.999    485
johanna        0.028 74.027    486
shari          0.028 74.055    487
camille        0.028 74.082    488
tami           0.027 74.110    489
shawna         0.027 74.137    490
elisa          0.027 74.164    491
ebony          0.027 74.192    492
melba          0.027 74.219    493
ora            0.027 74.246    494
nettie         0.027 74.273    495
tabitha        0.027 74.300    496
ollie          0.027 74.327    497
jaime          0.027 74.354    498
winifred       0.027 74.381    499
kristie        0.027 74.408    500
marina         0.027 74.435    501
alisha         0.027 74.462    502
aimee          0.027 74.488    503
rena           0.027 74.515    504
myrna          0.026 74.541    505
marla          0.026 74.567    506
tammie         0.026 74.593    507
latasha        0.026 74.619    508
bonita         0.026 74.645    509
patrice        0.026 74.671    510
ronda          0.026 74.697    511
sherrie        0.026 74.722    512
addie          0.026 74.748    513
francine       0.025 74.773    514
deloris        0.025 74.799    515
stacie         0.025 74.824    516
adriana        0.025 74.849    517
cheri          0.025 74.874    518
shelby         0.025 74.899    519
abigail        0.025 74.924    520
celeste        0.025 74.949    521
jewel          0.025 74.974    522
cara           0.025 74.999    523
adele          0.025 75.024    524
rebekah        0.025 75.048    525
lucinda        0.025 75.073    526
dorthy         0.025 75.097    527
chris          0.024 75.122    528
effie          0.024 75.146    529
trina          0.024 75.171    530
reba           0.024 75.195    531
shawn          0.024 75.219    532
sallie         0.024 75.244    533
aurora         0.024 75.268    534
lenora         0.024 75.292    535
etta           0.024 75.317    536
lottie         0.024 75.341    537
kerri          0.024 75.365    538
trisha         0.024 75.389    539
nikki          0.024 75.413    540
estella        0.024 75.438    541
francisca      0.024 75.461    542
josie          0.024 75.485    543
tracie         0.024 75.509    544
marissa        0.024 75.533    545
karin          0.024 75.557    546
brittney       0.024 75.580    547
janelle        0.024 75.604    548
lourdes        0.024 75.628    549
laurel         0.024 75.651    550
helene         0.024 75.675    551
fern           0.024 75.698    552
elva           0.024 75.722    553
corinne        0.024 75.745    554
kelsey         0.024 75.769    555
ina            0.023 75.792    556
bettie         0.023 75.816    557
elisabeth      0.023 75.839    558
aida           0.023 75.862    559
caitlin        0.023 75.886    560
ingrid         0.023 75.909    561
iva            0.023 75.932    562
eugenia        0.023 75.955    563
christa        0.023 75.978    564
goldie         0.023 76.000    565
cassie         0.023 76.023    566
maude          0.023 76.046    567
jenifer        0.023 76.068    568
therese        0.022 76.091    569
frankie        0.022 76.113    570
dena           0.022 76.136    571
lorna          0.022 76.158    572
janette        0.022 76.180    573
latonya        0.022 76.202    574
candy          0.022 76.224    575
morgan         0.022 76.247    576
consuelo       0.022 76.269    577
tamika         0.022 76.291    578
rosetta        0.022 76.313    579
debora         0.022 76.334    580
cherie         0.022 76.356    581
polly          0.022 76.378    582
dina           0.022 76.400    583
jewell         0.021 76.421    584
fay            0.021 76.442    585
jillian        0.021 76.464    586
dorothea       0.021 76.485    587
nell           0.021 76.506    588
trudy          0.021 76.527    589
esperanza      0.021 76.548    590
patrica        0.021 76.570    591
kimberley      0.021 76.591    592
shanna         0.021 76.611    593
helena         0.021 76.632    594
carolina       0.021 76.653    595
cleo           0.021 76.674    596
stefanie       0.021 76.694    597
rosario        0.020 76.715    598
ola            0.020 76.735    599
janine         0.020 76.756    600
mollie         0.020 76.776    601
lupe           0.020 76.796    602
alisa          0.020 76.816    603
lou            0.020 76.836    604
maribel        0.020 76.856    605
susanne        0.020 76.875    606
bette          0.019 76.895    607
susana         0.019 76.914    608
elise          0.019 76.933    609
cecile         0.019 76.953    610
isabelle       0.019 76.972    611
lesley         0.019 76.991    612
jocelyn        0.019 77.010    613
paige          0.019 77.030    614
joni           0.019 77.049    615
rachelle       0.019 77.068    616
leola          0.019 77.087    617
daphne         0.019 77.106    618
alta           0.019 77.125    619
ester          0.019 77.144    620
petra          0.019 77.162    621
graciela       0.019 77.181    622
imogene        0.019 77.200    623
jolene         0.019 77.219    624
keisha         0.019 77.237    625
lacey          0.018 77.256    626
glenna         0.018 77.274    627
gabriela       0.018 77.293    628
keri           0.018 77.311    629
ursula         0.018 77.329    630
lizzie         0.018 77.347    631
kirsten        0.018 77.366    632
shana          0.018 77.384    633
adeline        0.018 77.402    634
mayra          0.018 77.420    635
jayne          0.018 77.438    636
jaclyn         0.018 77.456    637
gracie         0.018 77.474    638
sondra         0.018 77.492    639
carmela        0.018 77.509    640
marisa         0.018 77.527    641
rosalind       0.018 77.545    642
charity        0.018 77.563    643
tonia          0.018 77.580    644
beatriz        0.018 77.598    645
marisol        0.018 77.616    646
clarice        0.018 77.633    647
jeanine        0.017 77.651    648
sheena         0.017 77.668    649
angeline       0.017 77.685    650
frieda         0.017 77.703    651
lily           0.017 77.720    652
robbie         0.017 77.737    653
shauna         0.017 77.754    654
millie         0.017 77.771    655
claudette      0.017 77.788    656
cathleen       0.017 77.805    657
angelia        0.017 77.822    658
gabrielle      0.017 77.839    659
autumn         0.017 77.856    660
katharine      0.017 77.873    661
summer         0.017 77.890    662
jodie          0.017 77.907    663
staci          0.017 77.923    664
lea            0.017 77.940    665
christi        0.017 77.957    666
jimmie         0.017 77.974    667
justine        0.017 77.990    668
elma           0.017 78.007    669
luella         0.017 78.023    670
margret        0.017 78.040    671
dominique      0.016 78.056    672
socorro        0.016 78.073    673
rene           0.016 78.089    674
martina        0.016 78.105    675
margo          0.016 78.122    676
mavis          0.016 78.138    677
callie         0.016 78.154    678
bobbi          0.016 78.170    679
maritza        0.016 78.186    680
lucile         0.016 78.202    681
leanne         0.016 78.219    682
jeannine       0.016 78.235    683
deana          0.016 78.251    684
aileen         0.016 78.267    685
lorie          0.016 78.282    686
ladonna        0.016 78.298    687
willa          0.016 78.314    688
manuela        0.016 78.330    689
gale           0.016 78.346    690
selma          0.016 78.361    691
dolly          0.016 78.377    692
sybil          0.016 78.393    693
abby           0.016 78.408    694
lara           0.016 78.424    695
dale           0.016 78.440    696
ivy            0.016 78.455    697
dee            0.016 78.471    698
winnie         0.016 78.486    699
marcy          0.016 78.502    700
luisa          0.016 78.517    701
jeri           0.015 78.533    702
magdalena      0.015 78.548    703
ofelia         0.015 78.563    704
meagan         0.015 78.579    705
audra          0.015 78.594    706
matilda        0.015 78.609    707
leila          0.015 78.624    708
cornelia       0.015 78.639    709
bianca         0.015 78.654    710
simone         0.015 78.669    711
bettye         0.015 78.684    712
randi          0.015 78.699    713
virgie         0.015 78.713    714
latisha        0.015 78.728    715
barbra         0.015 78.743    716
georgina       0.015 78.758    717
eliza          0.015 78.772    718
leann          0.015 78.787    719
bridgette      0.015 78.801    720
rhoda          0.014 78.816    721
haley          0.014 78.830    722
adela          0.014 78.845    723
nola           0.014 78.859    724
bernadine      0.014 78.873    725
flossie        0.014 78.887    726
ila            0.014 78.902    727
greta          0.014 78.916    728
ruthie         0.014 78.930    729
nelda          0.014 78.944    730
minerva        0.014 78.958    731
lilly          0.014 78.973    732
terrie         0.014 78.987    733
letha          0.014 79.001    734
hilary         0.014 79.015    735
estela         0.014 79.029    736
valarie        0.014 79.043    737
brianna        0.014 79.057    738
rosalyn        0.014 79.071    739
earline        0.014 79.085    740
catalina       0.014 79.099    741
ava            0.014 79.113    742
mia            0.014 79.127    743
clarissa       0.014 79.141    744
lidia          0.014 79.155    745
corrine        0.014 79.169    746
alexandria     0.014 79.183    747
concepcion     0.014 79.196    748
tia            0.014 79.210    749
sharron        0.014 79.224    750
rae            0.014 79.238    751
dona           0.014 79.251    752
ericka         0.014 79.265    753
jami           0.014 79.278    754
elnora         0.014 79.292    755
chandra        0.014 79.306    756
lenore         0.014 79.319    757
neva           0.013 79.333    758
marylou        0.013 79.346    759
melisa         0.013 79.360    760
tabatha        0.013 79.373    761
serena         0.013 79.386    762
avis           0.013 79.400    763
allie          0.013 79.413    764
sofia          0.013 79.426    765
jeanie         0.013 79.439    766
odessa         0.013 79.453    767
nannie         0.013 79.466    768
harriett       0.013 79.479    769
loraine        0.013 79.492    770
penelope       0.013 79.505    771
milagros       0.013 79.518    772
emilia         0.013 79.531    773
benita         0.013 79.544    774
allyson        0.013 79.557    775
ashlee         0.013 79.570    776
tania          0.013 79.583    777
tommie         0.013 79.596    778
esmeralda      0.013 79.608    779
karina         0.013 79.621    780
eve            0.013 79.634    781
pearlie        0.013 79.647    782
zelma          0.013 79.659    783
malinda        0.013 79.672    784
noreen         0.013 79.684    785
tameka         0.013 79.697    786
saundra        0.013 79.710    787
hillary        0.013 79.722    788
amie           0.013 79.735    789
althea         0.012 79.747    790
rosalinda      0.012 79.760    791
jordan         0.012 79.772    792
lilia          0.012 79.784    793
alana          0.012 79.797    794
gay            0.012 79.809    795
clare          0.012 79.821    796
alejandra      0.012 79.834    797
elinor         0.012 79.846    798
michael        0.012 79.858    799
lorrie         0.012 79.870    800
jerri          0.012 79.882    801
darcy          0.012 79.895    802
earnestine     0.012 79.907    803
carmella       0.012 79.919    804
taylor         0.012 79.931    805
noemi          0.012 79.943    806
marcie         0.012 79.954    807
liza           0.012 79.966    808
annabelle      0.012 79.978    809
louisa         0.012 79.990    810
earlene        0.012 80.002    811
mallory        0.012 80.014    812
carlene        0.012 80.025    813
nita           0.012 80.037    814
selena         0.012 80.049    815
tanisha        0.012 80.060    816
katy           0.012 80.072    817
julianne       0.012 80.083    818
john           0.012 80.095    819
lakisha        0.011 80.106    820
edwina         0.011 80.118    821
maricela       0.011 80.129    822
margery        0.011 80.141    823
kenya          0.011 80.152    824
dollie         0.011 80.164    825
roxie          0.011 80.175    826
roslyn         0.011 80.187    827
kathrine       0.011 80.198    828
nanette        0.011 80.209    829
charmaine      0.011 80.221    830
lavonne        0.011 80.232    831
ilene          0.011 80.243    832
kris           0.011 80.255    833
tammi          0.011 80.266    834
suzette        0.011 80.277    835
corine         0.011 80.288    836
kaye           0.011 80.300    837
jerry          0.011 80.311    838
merle          0.011 80.322    839
chrystal       0.011 80.333    840
lina           0.011 80.344    841
deanne         0.011 80.355    842
lilian         0.011 80.366    843
juliana        0.011 80.377    844
aline          0.011 80.388    845
luann          0.011 80.399    846
kasey          0.011 80.410    847
maryanne       0.011 80.421    848
evangeline     0.011 80.432    849
colette        0.011 80.443    850
melva          0.011 80.453    851
lawanda        0.011 80.464    852
yesenia        0.011 80.475    853
nadia          0.011 80.486    854
madge          0.011 80.497    855
kathie         0.011 80.507    856
eddie          0.011 80.518    857
ophelia        0.011 80.529    858
valeria        0.011 80.539    859
nona           0.011 80.550    860
mitzi          0.011 80.561    861
mari           0.011 80.571    862
georgette      0.011 80.582    863
claudine       0.011 80.592    864
fran           0.011 80.603    865
alissa         0.011 80.613    866
roseann        0.010 80.624    867
lakeisha       0.010 80.634    868
susanna        0.010 80.645    869
reva           0.010 80.655    870
deidre         0.010 80.665    871
chasity        0.010 80.676    872
sheree         0.010 80.686    873
carly          0.010 80.697    874
james          0.010 80.707    875
elvia          0.010 80.717    876
alyce          0.010 80.728    877
deirdre        0.010 80.738    878
gena           0.010 80.748    879
briana         0.010 80.758    880
araceli        0.010 80.769    881
katelyn        0.010 80.779    882
rosanne        0.010 80.789    883
wendi          0.010 80.799    884
tessa          0.010 80.810    885
berta          0.010 80.820    886
marva          0.010 80.830    887
imelda         0.010 80.840    888
marietta       0.010 80.850    889
marci          0.010 80.860    890
leonor         0.010 80.870    891
arline         0.010 80.880    892
sasha          0.010 80.890    893
madelyn        0.010 80.900    894
janna          0.010 80.910    895
juliette       0.010 80.920    896
deena          0.010 80.929    897
aurelia        0.010 80.939    898
josefa         0.010 80.949    899
augusta        0.010 80.959    900
liliana        0.010 80.968    901
young          0.010 80.978    902
christian      0.010 80.988    903
lessie         0.010 80.997    904
amalia         0.010 81.007    905
savannah       0.010 81.017    906
anastasia      0.010 81.026    907
vilma          0.010 81.036    908
natalia        0.010 81.045    909
rosella        0.010 81.055    910
lynnette       0.010 81.064    911
corina         0.010 81.074    912
alfreda        0.009 81.083    913
leanna         0.009 81.093    914
carey          0.009 81.102    915
amparo         0.009 81.112    916
coleen         0.009 81.121    917
tamra          0.009 81.131    918
aisha          0.009 81.140    919
wilda          0.009 81.149    920
karyn          0.009 81.159    921
cherry         0.009 81.168    922
queen          0.009 81.177    923
maura          0.009 81.187    924
mai            0.009 81.196    925
evangelina     0.009 81.205    926
rosanna        0.009 81.214    927
hallie         0.009 81.224    928
erna           0.009 81.233    929
enid           0.009 81.242    930
mariana        0.009 81.251    931
lacy           0.009 81.260    932
juliet         0.009 81.270    933
jacklyn        0.009 81.279    934
freida         0.009 81.288    935
madeleine      0.009 81.297    936
mara           0.009 81.306    937
hester         0.009 81.315    938
cathryn        0.009 81.324    939
lelia          0.009 81.333    940
casandra       0.009 81.343    941
bridgett       0.009 81.352    942
angelita       0.009 81.361    943
jannie         0.009 81.370    944
dionne         0.009 81.379    945
annmarie       0.009 81.388    946
katina         0.009 81.397    947
beryl          0.009 81.405    948
phoebe         0.009 81.414    949
millicent      0.009 81.423    950
katheryn       0.009 81.432    951
diann          0.009 81.441    952
carissa        0.009 81.450    953
maryellen      0.009 81.459    954
liz            0.009 81.468    955
lauri          0.009 81.476    956
helga          0.009 81.485    957
gilda          0.009 81.494    958
adrian         0.009 81.503    959
rhea           0.009 81.511    960
marquita       0.009 81.520    961
hollie         0.009 81.529    962
tisha          0.009 81.538    963
tamera         0.009 81.546    964
angelique      0.009 81.555    965
francesca      0.009 81.564    966
britney        0.009 81.573    967
kaitlin        0.009 81.581    968
lolita         0.009 81.590    969
florine        0.009 81.599    970
rowena         0.009 81.607    971
reyna          0.009 81.616    972
twila          0.009 81.624    973
fanny          0.009 81.633    974
janell         0.009 81.641    975
ines           0.009 81.650    976
concetta       0.009 81.658    977
bertie         0.009 81.667    978
alba           0.009 81.676    979
brigitte       0.009 81.684    980
alyson         0.009 81.693    981
vonda          0.008 81.701    982
pansy          0.008 81.710    983
elba           0.008 81.718    984
noelle         0.008 81.726    985
letitia        0.008 81.735    986
kitty          0.008 81.743    987
deann          0.008 81.752    988
brandie        0.008 81.760    989
louella        0.008 81.769    990
leta           0.008 81.777    991
felecia        0.008 81.786    992
sharlene       0.008 81.794    993
lesa           0.008 81.802    994
beverley       0.008 81.811    995
robert         0.008 81.819    996
isabella       0.008 81.827    997
herminia       0.008 81.836    998
terra          0.008 81.844    999
celina         0.008 81.852   1000
tori           0.008 81.861   1001
octavia        0.008 81.869   1002
jade           0.008 81.877   1003
denice         0.008 81.885   1004
germaine       0.008 81.894   1005
sierra         0.008 81.902   1006
michell        0.008 81.910   1007
cortney        0.008 81.918   1008
nelly          0.008 81.926   1009
doretha        0.008 81.934   1010
sydney         0.008 81.943   1011
deidra         0.008 81.951   1012
monika         0.008 81.959   1013
lashonda       0.008 81.967   1014
judi           0.008 81.975   1015
chelsey        0.008 81.983   1016
antionette     0.008 81.991   1017
margot         0.008 81.999   1018
bobby          0.008 82.007   1019
adelaide       0.008 82.015   1020
nan            0.008 82.023   1021
leeann         0.008 82.030   1022
elisha         0.008 82.038   1023
dessie         0.008 82.046   1024
libby          0.008 82.054   1025
kathi          0.008 82.062   1026
gayla          0.008 82.070   1027
latanya        0.008 82.078   1028
mina           0.008 82.086   1029
mellisa        0.008 82.093   1030
kimberlee      0.008 82.101   1031
jasmin         0.008 82.109   1032
renae          0.008 82.117   1033
zelda          0.008 82.125   1034
elda           0.008 82.132   1035
ma             0.008 82.140   1036
justina        0.008 82.148   1037
gussie         0.008 82.156   1038
emilie         0.008 82.163   1039
camilla        0.008 82.171   1040
abbie          0.008 82.179   1041
rocio          0.008 82.186   1042
kaitlyn        0.008 82.194   1043
jesse          0.008 82.202   1044
edythe         0.008 82.209   1045
ashleigh       0.008 82.217   1046
selina         0.008 82.225   1047
lakesha        0.008 82.232   1048
geri           0.008 82.240   1049
allene         0.008 82.248   1050
pamala         0.008 82.255   1051
michaela       0.008 82.263   1052
dayna          0.008 82.270   1053
caryn          0.008 82.278   1054
rosalia        0.008 82.286   1055
sun            0.007 82.293   1056
jacquline      0.007 82.301   1057
rebeca         0.007 82.308   1058
marybeth       0.007 82.315   1059
krystle        0.007 82.323   1060
iola           0.007 82.330   1061
dottie         0.007 82.338   1062
bennie         0.007 82.345   1063
belle          0.007 82.353   1064
aubrey         0.007 82.360   1065
griselda       0.007 82.367   1066
ernestina      0.007 82.375   1067
elida          0.007 82.382   1068
adrianne       0.007 82.390   1069
demetria       0.007 82.397   1070
delma          0.007 82.404   1071
chong          0.007 82.412   1072
jaqueline      0.007 82.419   1073
destiny        0.007 82.427   1074
arleen         0.007 82.434   1075
virgina        0.007 82.441   1076
retha          0.007 82.448   1077
fatima         0.007 82.456   1078
tillie         0.007 82.463   1079
eleanore       0.007 82.470   1080
cari           0.007 82.478   1081
treva          0.007 82.485   1082
birdie         0.007 82.492   1083
wilhelmina     0.007 82.499   1084
rosalee        0.007 82.506   1085
maurine        0.007 82.514   1086
latrice        0.007 82.521   1087
yong           0.007 82.528   1088
jena           0.007 82.535   1089
taryn          0.007 82.542   1090
elia           0.007 82.549   1091
debby          0.007 82.556   1092
maudie         0.007 82.564   1093
jeanna         0.007 82.571   1094
delilah        0.007 82.578   1095
catrina        0.007 82.585   1096
shonda         0.007 82.592   1097
hortencia      0.007 82.599   1098
theodora       0.007 82.606   1099
teresita       0.007 82.613   1100
robbin         0.007 82.620   1101
danette        0.007 82.627   1102
maryjane       0.007 82.634   1103
freddie        0.007 82.641   1104
delphine       0.007 82.648   1105
brianne        0.007 82.655   1106
nilda          0.007 82.662   1107
danna          0.007 82.669   1108
cindi          0.007 82.676   1109
bess           0.007 82.683   1110
iona           0.007 82.690   1111
hanna          0.007 82.697   1112
ariel          0.007 82.704   1113
winona         0.007 82.711   1114
vida           0.007 82.718   1115
rosita         0.007 82.725   1116
marianna       0.007 82.731   1117
william        0.007 82.738   1118
racheal        0.007 82.745   1119
guillermina    0.007 82.752   1120
eloisa         0.007 82.759   1121
celestine      0.007 82.766   1122
caren          0.007 82.773   1123
malissa        0.007 82.780   1124
lona           0.007 82.786   1125
chantel        0.007 82.793   1126
shellie        0.007 82.800   1127
marisela       0.007 82.807   1128
leora          0.007 82.814   1129
agatha         0.007 82.820   1130
soledad        0.007 82.827   1131
migdalia       0.007 82.834   1132
ivette         0.007 82.840   1133
christen       0.007 82.847   1134
athena         0.007 82.854   1135
janel          0.007 82.861   1136
chloe          0.007 82.867   1137
veda           0.007 82.874   1138
pattie         0.007 82.881   1139
tessie         0.007 82.887   1140
tera           0.007 82.894   1141
marilynn       0.007 82.901   1142
lucretia       0.007 82.907   1143
karrie         0.007 82.914   1144
dinah          0.007 82.920   1145
daniela        0.007 82.927   1146
alecia         0.007 82.934   1147
adelina        0.007 82.940   1148
vernice        0.007 82.947   1149
shiela         0.007 82.953   1150
portia         0.007 82.960   1151
merry          0.007 82.967   1152
lashawn        0.007 82.973   1153
devon          0.007 82.980   1154
dara           0.007 82.986   1155
tawana         0.007 82.993   1156
oma            0.007 82.999   1157
verda          0.007 83.006   1158
christin       0.007 83.012   1159
alene          0.007 83.019   1160
zella          0.006 83.025   1161
sandi          0.006 83.032   1162
rafaela        0.006 83.038   1163
maya           0.006 83.045   1164
kira           0.006 83.051   1165
candida        0.006 83.058   1166
alvina         0.006 83.064   1167
suzan          0.006 83.071   1168
shayla         0.006 83.077   1169
lyn            0.006 83.083   1170
lettie         0.006 83.090   1171
alva           0.006 83.096   1172
samatha        0.006 83.103   1173
oralia         0.006 83.109   1174
matilde        0.006 83.115   1175
madonna        0.006 83.122   1176
larissa        0.006 83.128   1177
vesta          0.006 83.134   1178
renita         0.006 83.141   1179
india          0.006 83.147   1180
delois         0.006 83.153   1181
shanda         0.006 83.159   1182
phillis        0.006 83.166   1183
lorri          0.006 83.172   1184
erlinda        0.006 83.178   1185
cruz           0.006 83.185   1186
cathrine       0.006 83.191   1187
barb           0.006 83.197   1188
zoe            0.006 83.203   1189
isabell        0.006 83.210   1190
ione           0.006 83.216   1191
gisela         0.006 83.222   1192
charlie        0.006 83.228   1193
valencia       0.006 83.235   1194
roxanna        0.006 83.241   1195
mayme          0.006 83.247   1196
kisha          0.006 83.253   1197
ellie          0.006 83.259   1198
mellissa       0.006 83.266   1199
dorris         0.006 83.272   1200
dalia          0.006 83.278   1201
bella          0.006 83.284   1202
annetta        0.006 83.290   1203
zoila          0.006 83.296   1204
reta           0.006 83.302   1205
reina          0.006 83.308   1206
lauretta       0.006 83.315   1207
kylie          0.006 83.321   1208
christal       0.006 83.327   1209
pilar          0.006 83.333   1210
charla         0.006 83.339   1211
elissa         0.006 83.345   1212
tiffani        0.006 83.351   1213
tana           0.006 83.357   1214
paulina        0.006 83.363   1215
leota          0.006 83.369   1216
breanna        0.006 83.375   1217
jayme          0.006 83.381   1218
carmel         0.006 83.387   1219
vernell        0.006 83.393   1220
tomasa         0.006 83.399   1221
mandi          0.006 83.405   1222
dominga        0.006 83.411   1223
santa          0.006 83.417   1224
melodie        0.006 83.423   1225
lura           0.006 83.429   1226
alexa          0.006 83.435   1227
tamela         0.006 83.441   1228
ryan           0.006 83.447   1229
mirna          0.006 83.453   1230
kerrie         0.006 83.458   1231
venus          0.006 83.464   1232
noel           0.006 83.470   1233
felicita       0.006 83.476   1234
cristy         0.006 83.482   1235
carmelita      0.006 83.488   1236
berniece       0.006 83.494   1237
annemarie      0.006 83.500   1238
tiara          0.006 83.505   1239
roseanne       0.006 83.511   1240
missy          0.006 83.517   1241
cori           0.006 83.523   1242
roxana         0.006 83.529   1243
pricilla       0.006 83.535   1244
kristal        0.006 83.540   1245
jung           0.006 83.546   1246
elyse          0.006 83.552   1247
haydee         0.006 83.558   1248
aletha         0.006 83.564   1249
bettina        0.006 83.569   1250
marge          0.006 83.575   1251
gillian        0.006 83.581   1252
filomena       0.006 83.586   1253
charles        0.006 83.592   1254
zenaida        0.006 83.598   1255
harriette      0.006 83.603   1256
caridad        0.006 83.609   1257
vada           0.006 83.615   1258
una            0.006 83.620   1259
aretha         0.006 83.626   1260
pearline       0.006 83.632   1261
marjory        0.006 83.637   1262
marcela        0.006 83.643   1263
flor           0.006 83.648   1264
evette         0.006 83.654   1265
elouise        0.006 83.659   1266
alina          0.006 83.665   1267
trinidad       0.006 83.671   1268
david          0.006 83.676   1269
damaris        0.006 83.682   1270
catharine      0.006 83.687   1271
carroll        0.006 83.693   1272
belva          0.006 83.698   1273
nakia          0.005 83.704   1274
marlena        0.005 83.709   1275
luanne         0.005 83.715   1276
lorine         0.005 83.720   1277
karon          0.005 83.726   1278
dorene         0.005 83.731   1279
danita         0.005 83.737   1280
brenna         0.005 83.742   1281
tatiana        0.005 83.748   1282
sammie         0.005 83.753   1283
louann         0.005 83.759   1284
loren          0.005 83.764   1285
julianna       0.005 83.770   1286
andria         0.005 83.775   1287
philomena      0.005 83.780   1288
lucila         0.005 83.786   1289
leonora        0.005 83.791   1290
dovie          0.005 83.797   1291
romona         0.005 83.802   1292
mimi           0.005 83.808   1293
jacquelin      0.005 83.813   1294
gaye           0.005 83.818   1295
tonja          0.005 83.824   1296
misti          0.005 83.829   1297
joe            0.005 83.835   1298
gene           0.005 83.840   1299
chastity       0.005 83.845   1300
stacia         0.005 83.851   1301
roxann         0.005 83.856   1302
micaela        0.005 83.861   1303
nikita         0.005 83.867   1304
mei            0.005 83.872   1305
velda          0.005 83.877   1306
marlys         0.005 83.882   1307
johnna         0.005 83.888   1308
aura           0.005 83.893   1309
lavern         0.005 83.898   1310
ivonne         0.005 83.903   1311
hayley         0.005 83.909   1312
nicki          0.005 83.914   1313
majorie        0.005 83.919   1314
herlinda       0.005 83.924   1315
george         0.005 83.930   1316
alpha          0.005 83.935   1317
yadira         0.005 83.940   1318
perla          0.005 83.945   1319
gregoria       0.005 83.950   1320
daniel         0.005 83.955   1321
antonette      0.005 83.961   1322
shelli         0.005 83.966   1323
mozelle        0.005 83.971   1324
mariah         0.005 83.976   1325
joelle         0.005 83.981   1326
cordelia       0.005 83.986   1327
josette        0.005 83.992   1328
chiquita       0.005 83.997   1329
trista         0.005 84.002   1330
louis          0.005 84.007   1331
laquita        0.005 84.012   1332
georgiana      0.005 84.017   1333
candi          0.005 84.022   1334
shanon         0.005 84.027   1335
lonnie         0.005 84.032   1336
hildegard      0.005 84.037   1337
cecil          0.005 84.042   1338
valentina      0.005 84.047   1339
stephany       0.005 84.052   1340
magda          0.005 84.057   1341
karol          0.005 84.062   1342
gerry          0.005 84.067   1343
gabriella      0.005 84.072   1344
tiana          0.005 84.077   1345
roma           0.005 84.082   1346
richelle       0.005 84.087   1347
ray            0.005 84.092   1348
princess       0.005 84.097   1349
oleta          0.005 84.102   1350
jacque         0.005 84.107   1351
idella         0.005 84.112   1352
alaina         0.005 84.117   1353
suzanna        0.005 84.122   1354
jovita         0.005 84.127   1355
blair          0.005 84.132   1356
tosha          0.005 84.137   1357
raven          0.005 84.142   1358
nereida        0.005 84.147   1359
marlyn         0.005 84.152   1360
kyla           0.005 84.157   1361
joseph         0.005 84.162   1362
delfina        0.005 84.167   1363
tena           0.005 84.172   1364
stephenie      0.005 84.177   1365
sabina         0.005 84.182   1366
nathalie       0.005 84.186   1367
marcelle       0.005 84.191   1368
gertie         0.005 84.196   1369
darleen        0.005 84.201   1370
thea           0.005 84.206   1371
sharonda       0.005 84.211   1372
shantel        0.005 84.216   1373
belen          0.005 84.221   1374
venessa        0.005 84.225   1375
rosalina       0.005 84.230   1376
ona            0.005 84.235   1377
genoveva       0.005 84.240   1378
corey          0.005 84.245   1379
clementine     0.005 84.250   1380
rosalba        0.005 84.254   1381
renate         0.005 84.259   1382
renata         0.005 84.264   1383
mi             0.005 84.269   1384
ivory          0.005 84.274   1385
georgianna     0.005 84.278   1386
floy           0.005 84.283   1387
dorcas         0.005 84.288   1388
ariana         0.005 84.293   1389
tyra           0.005 84.298   1390
theda          0.005 84.302   1391
mariam         0.005 84.307   1392
juli           0.005 84.312   1393
jesica         0.005 84.317   1394
donnie         0.005 84.321   1395
vikki          0.005 84.326   1396
verla          0.005 84.331   1397
roselyn        0.005 84.336   1398
melvina        0.005 84.340   1399
jannette       0.005 84.345   1400
ginny          0.005 84.350   1401
debrah         0.005 84.355   1402
corrie         0.005 84.359   1403
asia           0.005 84.364   1404
violeta        0.005 84.369   1405
myrtis         0.005 84.374   1406
latricia       0.005 84.378   1407
collette       0.005 84.383   1408
charleen       0.005 84.388   1409
anissa         0.005 84.392   1410
viviana        0.005 84.397   1411
twyla          0.005 84.402   1412
precious       0.005 84.406   1413
nedra          0.005 84.411   1414
latonia        0.005 84.416   1415
lan            0.005 84.420   1416
hellen         0.005 84.425   1417
fabiola        0.005 84.430   1418
annamarie      0.005 84.435   1419
adell          0.005 84.439   1420
sharyn         0.005 84.444   1421
chantal        0.005 84.448   1422
niki           0.005 84.453   1423
maud           0.005 84.458   1424
lizette        0.005 84.462   1425
lindy          0.005 84.467   1426
kia            0.005 84.472   1427
kesha          0.005 84.476   1428
jeana          0.005 84.481   1429
danelle        0.005 84.485   1430
charline       0.005 84.490   1431
chanel         0.005 84.495   1432
carrol         0.005 84.499   1433
valorie        0.005 84.504   1434
lia            0.005 84.508   1435
dortha         0.005 84.513   1436
cristal        0.005 84.518   1437
sunny          0.005 84.522   1438
leone          0.005 84.527   1439
leilani        0.005 84.531   1440
gerri          0.005 84.536   1441
debi           0.005 84.540   1442
andra          0.005 84.545   1443
keshia         0.005 84.549   1444
ima            0.005 84.554   1445
eulalia        0.005 84.558   1446
easter         0.005 84.563   1447
dulce          0.005 84.568   1448
natividad      0.004 84.572   1449
linnie         0.004 84.577   1450
kami           0.004 84.581   1451
georgie        0.004 84.586   1452
catina         0.004 84.590   1453
brook          0.004 84.594   1454
alda           0.004 84.599   1455
winnifred      0.004 84.603   1456
sharla         0.004 84.608   1457
ruthann        0.004 84.612   1458
meaghan        0.004 84.617   1459
magdalene      0.004 84.621   1460
lissette       0.004 84.626   1461
adelaida       0.004 84.630   1462
venita         0.004 84.635   1463
trena          0.004 84.639   1464
shirlene       0.004 84.643   1465
shameka        0.004 84.648   1466
elizebeth      0.004 84.652   1467
dian           0.004 84.657   1468
shanta         0.004 84.661   1469
mickey         0.004 84.666   1470
latosha        0.004 84.670   1471
carlotta       0.004 84.674   1472
windy          0.004 84.679   1473
soon           0.004 84.683   1474
rosina         0.004 84.687   1475
mariann        0.004 84.692   1476
leisa          0.004 84.696   1477
jonnie         0.004 84.701   1478
dawna          0.004 84.705   1479
cathie         0.004 84.709   1480
billy          0.004 84.714   1481
astrid         0.004 84.718   1482
sidney         0.004 84.722   1483
laureen        0.004 84.726   1484
janeen         0.004 84.731   1485
holli          0.004 84.735   1486
fawn           0.004 84.739   1487
vickey         0.004 84.744   1488
teressa        0.004 84.748   1489
shante         0.004 84.752   1490
rubye          0.004 84.756   1491
marcelina      0.004 84.761   1492
chanda         0.004 84.765   1493
cary           0.004 84.769   1494
terese         0.004 84.774   1495
scarlett       0.004 84.778   1496
marty          0.004 84.782   1497
marnie         0.004 84.786   1498
lulu           0.004 84.790   1499
lisette        0.004 84.795   1500
jeniffer       0.004 84.799   1501
